function getData () {
  // 1. note list
  const noteListStr = "349.06262.18233.05262.01233.06311.12262.06208.12233.10208.02208.06311.06233.12262.02233.04262.04233.02208.18262.10311.18466.12415.10349.02415.06415.04466.06262.12349.10311.02466.04415.02466.18349.12311.04311.30262.30349.04415.12349.16";
  const splitednoteListStr = noteListStr.match(/(.{1,6})/g);
  const noteList = sepFrequencyAndDuration(splitednoteListStr);

  // 2. note sequence
  const noteSquenceStr = "349.06, 262.18, 233.05, 262.01, 233.06, 349.06, 311.12, 349.06, 262.06, 233.06, 262.06, 208.12, 233.1, 208.02, 233.06, 208.06, 233.06, 311.06, 233.06, 208.06, 233.06, 311.06, 233.12, 311.12, 262.02, 233.04, 311.06, 233.06, 262.06, 349.06, 311.06, 262.02, 233.04, 311.06, 262.02, 233.04, 311.06, 262.04, 233.02, 311.12, 233.06, 311.06, 233.02, 262.04, 349.06, 262.06, 233.06, 262.06, 208.12, 233.1, 208.02, 233.06, 208.06, 233.06, 311.06, 233.06, 208.06, 233.06, 349.06, 262.06, 311.06, 262.06, 349.06, 262.04, 233.02, 349.06, 311.12, 349.06, 262.06, 233.06, 262.06, 208.18, 262.06, 233.05, 262.01, 311.06, 233.06, 208.06, 233.06, 349.06, 311.06, 311.06, 233.06, 208.06, 233.06, 262.1, 233.02, 262.06, 208.18, 262.06, 233.05, 262.01, 311.18, 262.04, 233.02, 208.12, 233.06, 311.06, 262.04, 233.02, 311.06, 349.06, 311.06, 349.06, 262.06, 311.06, 262.06, 311.06, 262.06, 349.06, 466.12, 415.1, 349.02, 311.06, 415.1, 349.02, 311.12, 415.1, 349.02, 415.06, 311.06, 415.06, 311.06, 415.04, 349.02, 311.06, 349.06, 311.06, 262.02, 233.04, 311.06, 349.06, 415.06, 415.06, 349.06, 466.06, 415.06, 349.06, 311.06, 349.06, 262.18, 233.05, 262.01, 233.06, 349.06, 311.12, 349.06, 262.06, 233.06, 262.06, 208.12, 233.1, 208.02, 233.06, 208.06, 233.06, 311.06, 233.06, 208.06, 233.06, 311.06, 233.06, 311.06, 262.12, 233.06, 262.12, 208.06, 233.06, 262.1, 233.02, 262.06, 208.06, 262.1, 233.02, 262.06, 208.06, 233.06, 311.06, 233.06, 208.06, 233.06, 262.06, 349.02, 415.04, 349.1, 311.02, 349.1, 311.02, 349.06, 415.1, 349.02, 415.06, 466.06, 415.06, 466.04, 415.02, 349.02, 415.04, 349.1, 311.02, 349.1, 311.02, 349.06, 415.1, 349.02, 415.06, 466.18, 415.1, 349.02, 311.12, 415.1, 349.02, 415.06, 311.06, 349.06, 466.06, 415.06, 349.06, 415.1, 349.02, 415.04, 349.02, 311.06, 262.06, 233.06, 349.06, 311.06, 262.02, 233.04, 311.06, 349.06, 415.06, 415.06, 349.06, 466.06, 415.06, 349.12, 233.06, 262.1, 233.02, 311.06, 262.06, 233.06, 262.1, 233.02, 208.06, 233.06, 262.06, 233.06, 349.06, 415.1, 349.02, 466.06, 415.06, 349.02, 311.04, 415.04, 349.02, 311.3, 415.04, 349.02, 311.12, 415.06, 349.06, 311.06, 208.06, 262.3, 311.06, 262.06, 311.06, 262.06, 311.06, 262.06, 349.02, 415.04, 349.1, 311.02, 349.06, 415.06, 349.02, 311.04, 311.06, 233.06, 208.06, 233.06, 349.06, 311.06, 311.06, 233.06, 311.06, 233.06, 311.06, 349.04, 311.02, 233.06, 311.06, 233.02, 262.04, 349.06, 262.06, 233.06, 262.06, 208.18, 262.06, 233.06, 262.06, 208.18, 262.06, 233.06, 208.06, 262.06, 233.06, 208.06, 262.1, 233.02, 311.06, 349.1, 311.02, 262.12, 233.06, 415.1, 349.02, 415.04, 349.02, 311.06, 262.06, 233.06, 349.06, 311.06, 262.02, 233.04, 311.06, 349.06, 415.06, 415.06, 349.06, 466.06, 415.06, 349.12, 233.06, 262.1, 233.02, 311.06, 262.06, 233.06, 262.1, 233.02, 208.06, 233.06, 262.06, 233.06, 262.06, 208.06, 262.1, 233.02, 262.06, 208.06, 262.06, 208.12, 262.06, 233.05, 262.01, 233.04, 208.02, 349.06, 466.06, 415.06, 349.1, 311.02, 349.06, 415.12, 349.02, 311.04, 415.12, 466.04, 415.02, 311.06, 233.06, 311.06, 262.18, 311.06, 233.06, 311.06, 262.06, 311.06, 262.06, 349.06, 262.1, 233.02, 208.06, 233.06, 208.06, 349.16, 311.02, 415.1, 349.02, 311.06, 415.1, 349.02, 311.12, 415.1, 349.02, 415.06, 311.06, 349.06, 466.06, 415.06, 349.06, 415.1, 349.02, 415.04, 349.02, 311.06, 262.06, 233.06";
  const splitednoteSquenceStr = noteSquenceStr.split(', ');
  const noteSquence = sepFrequencyAndDuration(splitednoteSquenceStr)

  // 3. note distance matrix
  const noteMatrixStr = `0.000000000000000 0.500000000000000 1.000000000000000 0.625000000000000 0.125000000000000 0.166666666666667 0.090909090909091 0.290909090909091 1.333333333333333 1.000000000000000 0.160714285714286 0.055555555555556 1.055555555555556 1.166666666666667 0.222222222222222 0.333333333333333 1.000000000000000 0.215909090909091 1.000000000000000 1.333333333333333 1.000000000000000 0.200000000000000 0.271428571428571 0.090909090909091 1.055555555555556 0.166666666666667 1.055555555555556 0.361111111111111 0.250000000000000 1.090909090909091 1.055555555555556 1.090909090909091 0.590909090909091 1.055555555555556 1.271428571428571 1.055555555555556 1.055555555555556 1.000000000000000 1.250000000000000
0.500000000000000 0.000000000000000 0.500000000000000 0.700000000000000 0.625000000000000 0.666666666666667 0.590909090909091 1.625000000000000 1.833333333333333 1.500000000000000 1.500000000000000 0.500000000000000 1.500000000000000 0.700000000000000 0.666666666666667 1.000000000000000 0.666666666666667 0.715909090909091 1.500000000000000 1.700000000000000 1.500000000000000 1.000000000000000 0.666666666666667 0.700000000000000 1.500000000000000 0.666666666666667 1.500000000000000 1.500000000000000 0.750000000000000 1.590909090909091 1.500000000000000 1.700000000000000 1.200000000000000 1.500000000000000 1.666666666666667 1.500000000000000 1.500000000000000 1.500000000000000 2.500000000000000
1.000000000000000 0.500000000000000 0.000000000000000 0.200000000000000 0.700000000000000 1.166666666666667 0.333333333333333 0.533333333333333 0.866666666666667 2.000000000000000 0.500000000000000 0.385964912280702 1.385964912280702 1.200000000000000 1.200000000000000 1.333333333333333 0.583333333333333 0.458333333333333 2.000000000000000 1.200000000000000 2.000000000000000 1.200000000000000 0.833333333333333 1.090909090909091 2.000000000000000 1.166666666666667 2.000000000000000 2.000000000000000 1.250000000000000 1.976190476190476 2.000000000000000 2.090909090909091 1.200000000000000 2.000000000000000 1.833333333333333 1.500000000000000 1.385964912280702 2.000000000000000 1.500000000000000
0.625000000000000 0.700000000000000 0.200000000000000 0.000000000000000 0.500000000000000 1.500000000000000 0.538461538461538 1.500000000000000 1.833333333333333 0.833333333333333 0.535714285714286 1.000000000000000 2.000000000000000 1.166666666666667 1.000000000000000 1.500000000000000 1.166666666666667 0.663461538461538 0.666666666666667 1.000000000000000 1.625000000000000 1.500000000000000 1.166666666666667 1.200000000000000 2.000000000000000 0.791666666666667 2.000000000000000 2.000000000000000 1.500000000000000 2.200000000000000 2.000000000000000 2.200000000000000 1.000000000000000 2.000000000000000 2.166666666666667 2.000000000000000 2.000000000000000 1.625000000000000 1.535714285714286
0.125000000000000 0.625000000000000 0.700000000000000 0.500000000000000 0.000000000000000 1.000000000000000 0.038461538461538 1.000000000000000 1.333333333333333 0.333333333333333 0.035714285714286 0.037037037037037 1.037037037037037 2.000000000000000 0.203703703703704 0.537037037037037 2.000000000000000 0.163461538461538 0.166666666666667 1.500000000000000 1.125000000000000 1.000000000000000 1.071428571428571 0.237037037037037 1.037037037037037 0.291666666666667 0.333333333333333 1.111111111111111 1.000000000000000 1.237037037037037 1.037037037037037 2.000000000000000 0.500000000000000 1.037037037037037 2.071428571428571 1.035714285714286 1.037037037037037 1.125000000000000 1.035714285714286
0.166666666666667 0.666666666666667 1.166666666666667 1.500000000000000 1.000000000000000 0.000000000000000 0.257575757575758 2.000000000000000 2.333333333333333 1.333333333333333 1.035714285714286 1.037037037037037 1.000000000000000 1.000000000000000 1.166666666666667 1.166666666666667 1.000000000000000 0.382575757575758 1.166666666666667 2.500000000000000 1.166666666666667 0.333333333333333 0.250000000000000 1.000000000000000 0.333333333333333 0.333333333333333 1.333333333333333 2.000000000000000 0.416666666666667 2.000000000000000 1.250000000000000 2.000000000000000 1.500000000000000 0.583333333333333 1.250000000000000 2.035714285714286 2.037037037037037 1.166666666666667 2.035714285714286
0.090909090909091 0.590909090909091 0.333333333333333 0.538461538461538 0.038461538461538 0.257575757575758 0.000000000000000 0.200000000000000 0.533333333333333 0.371794871794872 0.166666666666667 0.052631578947368 1.052631578947368 0.252631578947368 0.219298245614035 0.552631578947368 0.250000000000000 0.125000000000000 0.205128205128205 1.533333333333333 1.090909090909091 0.571428571428571 0.500000000000000 0.642857142857143 1.052631578947368 0.257575757575758 1.052631578947368 1.052631578947368 0.340909090909091 1.642857142857143 1.500000000000000 1.642857142857143 0.538461538461538 0.833333333333333 1.500000000000000 1.166666666666667 1.052631578947368 1.090909090909091 1.166666666666667
0.290909090909091 1.625000000000000 0.533333333333333 1.500000000000000 1.000000000000000 2.000000000000000 0.200000000000000 0.000000000000000 0.333333333333333 0.666666666666667 1.035714285714286 1.037037037037037 2.037037037037037 3.000000000000000 0.419298245614035 1.166666666666667 1.000000000000000 0.325000000000000 1.166666666666667 2.500000000000000 2.125000000000000 2.000000000000000 0.700000000000000 0.381818181818182 1.252631578947368 1.291666666666667 1.333333333333333 1.252631578947368 2.000000000000000 1.381818181818182 1.700000000000000 3.000000000000000 1.500000000000000 1.252631578947368 1.700000000000000 2.035714285714286 2.037037037037037 1.290909090909091 2.035714285714286
1.333333333333333 1.833333333333333 0.866666666666667 1.833333333333333 1.333333333333333 2.333333333333333 0.533333333333333 0.333333333333333 0.000000000000000 0.333333333333333 0.700000000000000 0.585964912280702 2.370370370370370 1.500000000000000 1.333333333333333 1.500000000000000 1.333333333333333 0.658333333333333 1.433333333333333 2.833333333333333 2.333333333333333 2.333333333333333 1.033333333333333 1.424242424242424 1.585964912280702 1.500000000000000 1.666666666666667 1.694444444444444 2.333333333333333 2.424242424242424 2.033333333333333 2.424242424242424 1.833333333333333 1.366666666666666 2.033333333333333 2.369047619047619 2.370370370370370 2.333333333333333 2.369047619047619
1.000000000000000 1.500000000000000 2.000000000000000 0.833333333333333 0.333333333333333 1.333333333333333 0.371794871794872 0.666666666666667 0.333333333333333 0.000000000000000 0.369047619047619 0.370370370370370 1.370370370370370 1.166666666666667 1.000000000000000 1.333333333333333 2.000000000000000 1.215909090909091 0.500000000000000 1.833333333333333 2.000000000000000 1.200000000000000 0.871794871794872 1.090909090909091 1.370370370370370 1.166666666666667 0.666666666666667 1.370370370370370 1.250000000000000 2.090909090909091 1.370370370370370 2.090909090909091 0.833333333333333 1.370370370370370 1.871794871794872 1.369047619047619 1.370370370370370 2.000000000000000 1.369047619047619
0.160714285714286 1.500000000000000 0.500000000000000 0.535714285714286 0.035714285714286 1.035714285714286 0.166666666666667 1.035714285714286 0.700000000000000 0.369047619047619 0.000000000000000 1.000000000000000 2.000000000000000 1.200000000000000 1.166666666666667 1.500000000000000 0.333333333333333 0.291666666666667 0.333333333333333 1.535714285714286 1.160714285714286 1.500000000000000 1.166666666666667 1.200000000000000 2.000000000000000 0.327380952380952 1.000000000000000 2.000000000000000 1.035714285714286 2.200000000000000 2.000000000000000 2.200000000000000 0.535714285714286 2.000000000000000 2.166666666666667 1.000000000000000 2.000000000000000 1.160714285714286 1.000000000000000
0.055555555555556 0.500000000000000 0.385964912280702 1.000000000000000 0.037037037037037 1.037037037037037 0.052631578947368 1.037037037037037 0.585964912280702 0.370370370370370 1.000000000000000 0.000000000000000 1.000000000000000 0.200000000000000 0.166666666666667 0.500000000000000 0.166666666666667 0.177631578947368 0.203703703703704 2.000000000000000 1.055555555555556 0.500000000000000 0.166666666666667 0.200000000000000 1.000000000000000 0.222222222222222 1.000000000000000 1.000000000000000 1.111111111111111 1.200000000000000 1.000000000000000 1.200000000000000 0.700000000000000 1.000000000000000 1.166666666666667 1.000000000000000 1.000000000000000 1.055555555555556 2.000000000000000
1.055555555555556 1.500000000000000 1.385964912280702 2.000000000000000 1.037037037037037 1.000000000000000 1.052631578947368 2.037037037037037 2.370370370370370 1.370370370370370 2.000000000000000 1.000000000000000 0.000000000000000 2.000000000000000 1.166666666666667 1.500000000000000 2.000000000000000 1.177631578947368 1.203703703703704 2.500000000000000 2.055555555555555 1.500000000000000 1.166666666666667 1.200000000000000 2.000000000000000 1.222222222222222 2.000000000000000 2.000000000000000 2.037037037037037 2.200000000000000 2.000000000000000 2.500000000000000 1.537037037037037 2.000000000000000 2.166666666666667 2.000000000000000 2.000000000000000 2.055555555555555 3.000000000000000
1.166666666666667 0.700000000000000 1.200000000000000 1.166666666666667 2.000000000000000 1.000000000000000 0.252631578947368 3.000000000000000 1.500000000000000 1.166666666666667 1.200000000000000 0.200000000000000 2.000000000000000 0.000000000000000 0.166666666666667 0.700000000000000 2.000000000000000 0.377631578947368 2.166666666666667 2.200000000000000 2.166666666666667 0.700000000000000 0.366666666666667 0.400000000000000 1.200000000000000 1.333333333333333 1.200000000000000 1.200000000000000 1.416666666666667 3.000000000000000 1.200000000000000 1.400000000000000 0.900000000000000 1.200000000000000 1.366666666666667 1.200000000000000 1.200000000000000 2.166666666666667 2.200000000000000
0.222222222222222 0.666666666666667 1.200000000000000 1.000000000000000 0.203703703703704 1.166666666666667 0.219298245614035 0.419298245614035 1.333333333333333 1.000000000000000 1.166666666666667 0.166666666666667 1.166666666666667 0.166666666666667 0.000000000000000 0.666666666666667 0.333333333333333 0.344298245614035 0.370370370370370 2.000000000000000 1.222222222222222 0.666666666666667 0.333333333333333 0.366666666666667 1.166666666666667 0.388888888888889 1.166666666666667 1.166666666666667 1.203703703703704 1.366666666666667 1.166666666666667 1.366666666666667 0.866666666666667 1.166666666666667 1.333333333333333 1.166666666666667 1.166666666666667 1.222222222222222 2.166666666666667
0.333333333333333 1.000000000000000 1.333333333333333 1.500000000000000 0.537037037037037 1.166666666666667 0.552631578947368 1.166666666666667 1.500000000000000 1.333333333333333 1.500000000000000 0.500000000000000 1.500000000000000 0.700000000000000 0.666666666666667 0.000000000000000 0.166666666666667 0.549242424242424 0.266666666666667 1.000000000000000 1.333333333333333 1.000000000000000 0.666666666666667 0.700000000000000 1.500000000000000 0.500000000000000 1.500000000000000 1.500000000000000 0.583333333333333 1.700000000000000 1.500000000000000 1.700000000000000 1.200000000000000 1.500000000000000 1.666666666666667 1.500000000000000 1.500000000000000 1.333333333333333 1.500000000000000
1.000000000000000 0.666666666666667 0.583333333333333 1.166666666666667 2.000000000000000 1.000000000000000 0.250000000000000 1.000000000000000 1.333333333333333 2.000000000000000 0.333333333333333 0.166666666666667 2.000000000000000 2.000000000000000 0.333333333333333 0.166666666666667 0.000000000000000 0.375000000000000 0.100000000000000 1.166666666666667 2.000000000000000 0.666666666666667 0.333333333333333 0.366666666666667 1.166666666666667 1.166666666666667 1.166666666666667 1.166666666666667 1.250000000000000 1.366666666666667 1.166666666666667 1.366666666666667 0.866666666666667 1.166666666666667 1.333333333333333 1.333333333333333 1.166666666666667 2.000000000000000 1.333333333333333
0.215909090909091 0.715909090909091 0.458333333333333 0.663461538461538 0.163461538461538 0.382575757575758 0.125000000000000 0.325000000000000 0.658333333333333 1.215909090909091 0.291666666666667 0.177631578947368 1.177631578947368 0.377631578947368 0.344298245614035 0.549242424242424 0.375000000000000 0.000000000000000 0.330128205128205 1.658333333333333 1.215909090909091 0.696428571428571 0.625000000000000 0.767857142857143 1.177631578947368 0.382575757575758 1.177631578947368 1.177631578947368 0.465909090909091 1.767857142857143 1.625000000000000 1.767857142857143 0.663461538461538 0.958333333333333 1.625000000000000 1.291666666666667 1.177631578947368 1.215909090909091 1.291666666666667
1.000000000000000 1.500000000000000 2.000000000000000 0.666666666666667 0.166666666666667 1.166666666666667 0.205128205128205 1.166666666666667 1.433333333333333 0.500000000000000 0.333333333333333 0.203703703703704 1.203703703703704 2.166666666666667 0.370370370370370 0.266666666666667 0.100000000000000 0.330128205128205 0.000000000000000 1.666666666666667 2.000000000000000 1.200000000000000 0.705128205128205 1.090909090909091 1.203703703703704 1.166666666666667 0.500000000000000 1.203703703703704 1.250000000000000 2.090909090909091 1.203703703703704 2.090909090909091 0.666666666666667 1.203703703703704 1.705128205128205 1.333333333333333 1.203703703703704 2.000000000000000 1.333333333333333
1.333333333333333 1.700000000000000 1.200000000000000 1.000000000000000 1.500000000000000 2.500000000000000 1.533333333333333 2.500000000000000 2.833333333333333 1.833333333333333 1.535714285714286 2.000000000000000 2.500000000000000 2.200000000000000 2.000000000000000 1.000000000000000 1.166666666666667 1.658333333333333 1.666666666666667 0.000000000000000 2.333333333333333 2.500000000000000 2.166666666666667 2.200000000000000 3.000000000000000 1.500000000000000 1.833333333333333 3.000000000000000 2.500000000000000 3.200000000000000 3.000000000000000 3.200000000000000 2.000000000000000 3.000000000000000 3.166666666666667 3.000000000000000 3.000000000000000 2.333333333333333 2.535714285714286
1.000000000000000 1.500000000000000 2.000000000000000 1.625000000000000 1.125000000000000 1.166666666666667 1.090909090909091 2.125000000000000 2.333333333333333 2.000000000000000 1.160714285714286 1.055555555555556 2.055555555555555 2.166666666666667 1.222222222222222 1.333333333333333 2.000000000000000 1.215909090909091 2.000000000000000 2.333333333333333 0.000000000000000 1.000000000000000 1.071428571428571 1.090909090909091 2.055555555555555 1.166666666666667 1.458333333333333 2.055555555555555 1.250000000000000 2.090909090909091 2.055555555555555 2.000000000000000 1.625000000000000 2.055555555555555 2.071428571428571 2.055555555555555 2.055555555555555 2.000000000000000 2.250000000000000
0.200000000000000 1.000000000000000 1.200000000000000 1.500000000000000 1.000000000000000 0.333333333333333 0.571428571428571 2.000000000000000 2.333333333333333 1.200000000000000 1.500000000000000 0.500000000000000 1.500000000000000 0.700000000000000 0.666666666666667 1.000000000000000 0.666666666666667 0.696428571428571 1.200000000000000 2.500000000000000 1.000000000000000 0.000000000000000 0.071428571428571 0.214285714285714 1.500000000000000 0.366666666666667 1.500000000000000 1.111111111111111 1.000000000000000 1.214285714285714 1.071428571428571 1.000000000000000 1.500000000000000 0.404761904761905 1.071428571428571 1.500000000000000 1.500000000000000 1.200000000000000 2.000000000000000
0.271428571428571 0.666666666666667 0.833333333333333 1.166666666666667 1.071428571428571 0.250000000000000 0.500000000000000 0.700000000000000 1.033333333333333 0.871794871794872 1.166666666666667 0.166666666666667 1.166666666666667 0.366666666666667 0.333333333333333 0.666666666666667 0.333333333333333 0.625000000000000 0.705128205128205 2.166666666666667 1.071428571428571 0.071428571428571 0.000000000000000 0.142857142857143 0.083333333333333 1.000000000000000 1.166666666666667 0.416666666666667 1.071428571428571 1.142857142857143 1.000000000000000 1.142857142857143 0.642857142857143 0.333333333333333 1.000000000000000 1.166666666666667 1.166666666666667 1.000000000000000 1.666666666666667
0.090909090909091 0.700000000000000 1.090909090909091 1.200000000000000 0.237037037037037 1.000000000000000 0.642857142857143 0.381818181818182 1.424242424242424 1.090909090909091 1.200000000000000 0.200000000000000 1.200000000000000 0.400000000000000 0.366666666666667 0.700000000000000 0.366666666666667 0.767857142857143 1.090909090909091 2.200000000000000 1.090909090909091 0.214285714285714 0.142857142857143 0.000000000000000 1.200000000000000 0.111111111111111 1.200000000000000 1.000000000000000 1.111111111111111 1.000000000000000 1.500000000000000 1.000000000000000 0.500000000000000 0.476190476190476 1.142857142857143 1.200000000000000 1.200000000000000 1.090909090909091 2.200000000000000
1.055555555555556 1.500000000000000 2.000000000000000 2.000000000000000 1.037037037037037 0.333333333333333 1.052631578947368 1.252631578947368 1.585964912280702 1.370370370370370 2.000000000000000 1.000000000000000 2.000000000000000 1.200000000000000 1.166666666666667 1.500000000000000 1.166666666666667 1.177631578947368 1.203703703703704 3.000000000000000 2.055555555555555 1.500000000000000 0.083333333333333 1.200000000000000 0.000000000000000 1.083333333333333 2.000000000000000 0.333333333333333 0.444444444444444 1.226190476190476 1.083333333333333 1.226190476190476 0.726190476190476 1.000000000000000 1.000000000000000 2.000000000000000 2.000000000000000 1.083333333333333 3.000000000000000
0.166666666666667 0.666666666666667 1.166666666666667 0.791666666666667 0.291666666666667 0.333333333333333 0.257575757575758 1.291666666666667 1.500000000000000 1.166666666666667 0.327380952380952 0.222222222222222 1.222222222222222 1.333333333333333 0.388888888888889 0.500000000000000 1.166666666666667 0.382575757575758 1.166666666666667 1.500000000000000 1.166666666666667 0.366666666666667 1.000000000000000 0.111111111111111 1.083333333333333 0.000000000000000 0.625000000000000 1.111111111111111 0.416666666666667 1.111111111111111 2.000000000000000 1.111111111111111 0.611111111111111 1.333333333333333 2.000000000000000 1.222222222222222 1.222222222222222 1.166666666666667 1.416666666666667
1.055555555555556 1.500000000000000 2.000000000000000 2.000000000000000 0.333333333333333 1.333333333333333 1.052631578947368 1.333333333333333 1.666666666666667 0.666666666666667 1.000000000000000 1.000000000000000 2.000000000000000 1.200000000000000 1.166666666666667 1.500000000000000 1.166666666666667 1.177631578947368 0.500000000000000 1.833333333333333 1.458333333333333 1.500000000000000 1.166666666666667 1.200000000000000 2.000000000000000 0.625000000000000 0.000000000000000 1.111111111111111 1.000000000000000 2.200000000000000 2.000000000000000 2.200000000000000 0.833333333333333 2.000000000000000 2.166666666666667 2.000000000000000 2.000000000000000 2.055555555555555 2.000000000000000
0.361111111111111 1.500000000000000 2.000000000000000 2.000000000000000 1.111111111111111 2.000000000000000 1.052631578947368 1.252631578947368 1.694444444444444 1.370370370370370 2.000000000000000 1.000000000000000 2.000000000000000 1.200000000000000 1.166666666666667 1.500000000000000 1.166666666666667 1.177631578947368 1.203703703703704 3.000000000000000 2.055555555555555 1.111111111111111 0.416666666666667 1.000000000000000 0.333333333333333 1.111111111111111 1.111111111111111 0.000000000000000 0.111111111111111 2.000000000000000 2.000000000000000 2.000000000000000 1.500000000000000 1.333333333333333 1.333333333333333 2.000000000000000 2.000000000000000 1.416666666666667 1.111111111111111
0.250000000000000 0.750000000000000 1.250000000000000 1.500000000000000 1.000000000000000 0.416666666666667 0.340909090909091 2.000000000000000 2.333333333333333 1.250000000000000 1.035714285714286 1.111111111111111 2.037037037037037 1.416666666666667 1.203703703703704 0.583333333333333 1.250000000000000 0.465909090909091 1.250000000000000 2.500000000000000 1.250000000000000 1.000000000000000 1.071428571428571 1.111111111111111 0.444444444444444 0.416666666666667 1.000000000000000 0.111111111111111 0.000000000000000 1.340909090909091 2.071428571428571 2.000000000000000 1.500000000000000 1.404761904761905 2.071428571428571 2.035714285714286 1.000000000000000 1.250000000000000 1.000000000000000
1.090909090909091 1.590909090909091 1.976190476190476 2.200000000000000 1.237037037037037 2.000000000000000 1.642857142857143 1.381818181818182 2.424242424242424 2.090909090909091 2.200000000000000 1.200000000000000 2.200000000000000 3.000000000000000 1.366666666666667 1.700000000000000 1.366666666666667 1.767857142857143 2.090909090909091 3.200000000000000 2.090909090909091 1.214285714285714 1.142857142857143 1.000000000000000 1.226190476190476 1.111111111111111 2.200000000000000 2.000000000000000 1.340909090909091 0.000000000000000 0.500000000000000 2.000000000000000 1.500000000000000 2.000000000000000 2.142857142857143 2.200000000000000 2.200000000000000 1.000000000000000 3.200000000000000
1.055555555555556 1.500000000000000 2.000000000000000 2.000000000000000 1.037037037037037 1.250000000000000 1.500000000000000 1.700000000000000 2.033333333333333 1.370370370370370 2.000000000000000 1.000000000000000 2.000000000000000 1.200000000000000 1.166666666666667 1.500000000000000 1.166666666666667 1.625000000000000 1.203703703703704 3.000000000000000 2.055555555555555 1.071428571428571 1.000000000000000 1.500000000000000 1.083333333333333 2.000000000000000 2.000000000000000 2.000000000000000 2.071428571428571 0.500000000000000 0.000000000000000 2.142857142857143 1.642857142857143 1.333333333333333 2.000000000000000 2.000000000000000 2.000000000000000 2.000000000000000 3.000000000000000
1.090909090909091 1.700000000000000 2.090909090909091 2.200000000000000 2.000000000000000 2.000000000000000 1.642857142857143 3.000000000000000 2.424242424242424 2.090909090909091 2.200000000000000 1.200000000000000 2.500000000000000 1.400000000000000 1.366666666666667 1.700000000000000 1.366666666666667 1.767857142857143 2.090909090909091 3.200000000000000 2.000000000000000 1.000000000000000 1.142857142857143 1.000000000000000 1.226190476190476 1.111111111111111 2.200000000000000 2.000000000000000 2.000000000000000 2.000000000000000 2.142857142857143 0.000000000000000 1.500000000000000 1.476190476190476 2.142857142857143 2.200000000000000 2.200000000000000 2.142857142857143 3.000000000000000
0.590909090909091 1.200000000000000 1.200000000000000 1.000000000000000 0.500000000000000 1.500000000000000 0.538461538461538 1.500000000000000 1.833333333333333 0.833333333333333 0.535714285714286 0.700000000000000 1.537037037037037 0.900000000000000 0.866666666666667 1.200000000000000 0.866666666666667 0.663461538461538 0.666666666666667 2.000000000000000 1.625000000000000 1.500000000000000 0.642857142857143 0.500000000000000 0.726190476190476 0.611111111111111 0.833333333333333 1.500000000000000 1.500000000000000 1.500000000000000 1.642857142857143 1.500000000000000 0.000000000000000 0.976190476190476 1.642857142857143 1.700000000000000 1.700000000000000 1.642857142857143 1.535714285714286
1.055555555555556 1.500000000000000 2.000000000000000 2.000000000000000 1.037037037037037 0.583333333333333 0.833333333333333 1.252631578947368 1.366666666666666 1.370370370370370 2.000000000000000 1.000000000000000 2.000000000000000 1.200000000000000 1.166666666666667 1.500000000000000 1.166666666666667 0.958333333333333 1.203703703703704 3.000000000000000 2.055555555555555 0.404761904761905 0.333333333333333 0.476190476190476 1.000000000000000 1.333333333333333 2.000000000000000 1.333333333333333 1.404761904761905 2.000000000000000 1.333333333333333 1.476190476190476 0.976190476190476 0.000000000000000 1.333333333333333 2.000000000000000 2.000000000000000 1.000000000000000 3.000000000000000
1.271428571428571 1.666666666666667 1.833333333333333 2.166666666666667 2.071428571428571 1.250000000000000 1.500000000000000 1.700000000000000 2.033333333333333 1.871794871794872 2.166666666666667 1.166666666666667 2.166666666666667 1.366666666666667 1.333333333333333 1.666666666666667 1.333333333333333 1.625000000000000 1.705128205128205 3.166666666666667 2.071428571428571 1.071428571428571 1.000000000000000 1.142857142857143 1.000000000000000 2.000000000000000 2.166666666666667 1.333333333333333 2.071428571428571 2.142857142857143 2.000000000000000 2.142857142857143 1.642857142857143 1.333333333333333 0.000000000000000 2.166666666666667 2.166666666666667 2.000000000000000 2.666666666666667
1.055555555555556 1.500000000000000 1.500000000000000 2.000000000000000 1.035714285714286 2.035714285714286 1.166666666666667 2.035714285714286 2.369047619047619 1.369047619047619 1.000000000000000 1.000000000000000 2.000000000000000 1.200000000000000 1.166666666666667 1.500000000000000 1.333333333333333 1.291666666666667 1.333333333333333 3.000000000000000 2.055555555555555 1.500000000000000 1.166666666666667 1.200000000000000 2.000000000000000 1.222222222222222 2.000000000000000 2.000000000000000 2.035714285714286 2.200000000000000 2.000000000000000 2.200000000000000 1.700000000000000 2.000000000000000 2.166666666666667 0.000000000000000 2.000000000000000 2.055555555555555 2.000000000000000
1.055555555555556 1.500000000000000 1.385964912280702 2.000000000000000 1.037037037037037 2.037037037037037 1.052631578947368 2.037037037037037 2.370370370370370 1.370370370370370 2.000000000000000 1.000000000000000 2.000000000000000 1.200000000000000 1.166666666666667 1.500000000000000 1.166666666666667 1.177631578947368 1.203703703703704 3.000000000000000 2.055555555555555 1.500000000000000 1.166666666666667 1.200000000000000 2.000000000000000 1.222222222222222 2.000000000000000 2.000000000000000 1.000000000000000 2.200000000000000 2.000000000000000 2.200000000000000 1.700000000000000 2.000000000000000 2.166666666666667 2.000000000000000 0.000000000000000 2.055555555555555 2.000000000000000
1.000000000000000 1.500000000000000 2.000000000000000 1.625000000000000 1.125000000000000 1.166666666666667 1.090909090909091 1.290909090909091 2.333333333333333 2.000000000000000 1.160714285714286 1.055555555555556 2.055555555555555 2.166666666666667 1.222222222222222 1.333333333333333 2.000000000000000 1.215909090909091 2.000000000000000 2.333333333333333 2.000000000000000 1.200000000000000 1.000000000000000 1.090909090909091 1.083333333333333 1.166666666666667 2.055555555555555 1.416666666666667 1.250000000000000 1.000000000000000 2.000000000000000 2.142857142857143 1.642857142857143 1.000000000000000 2.000000000000000 2.055555555555555 2.055555555555555 0.000000000000000 2.250000000000000
1.250000000000000 2.500000000000000 1.500000000000000 1.535714285714286 1.035714285714286 2.035714285714286 1.166666666666667 2.035714285714286 2.369047619047619 1.369047619047619 1.000000000000000 2.000000000000000 3.000000000000000 2.200000000000000 2.166666666666667 1.500000000000000 1.333333333333333 1.291666666666667 1.333333333333333 2.535714285714286 2.250000000000000 2.000000000000000 1.666666666666667 2.200000000000000 3.000000000000000 1.416666666666667 2.000000000000000 1.111111111111111 1.000000000000000 3.200000000000000 3.000000000000000 3.000000000000000 1.535714285714286 3.000000000000000 2.666666666666667 2.000000000000000 2.000000000000000 2.250000000000000 0.000000000000000`;
  const rowsStr = noteMatrixStr.split('\n');
  const noteMatrix = [];
  _.forEach(rowsStr, rowStr => {
    noteMatrix.push(strArr2numArr(rowStr.split(' ')));
  });

  return {
    notes: noteList,
    sequence: noteSquence,
    matrix: noteMatrix
  }
}

function strArr2numArr (strArr) {
  const numArr = [];
  _.forEach(strArr, s => numArr.push(s * 1))
  return numArr;
}

function sepFrequencyAndDuration (notes) {
  const ret = [];
  _.forEach(notes, (note) => {
    const splitedNote = note.split('.');
    ret.push({
      id: (note.replace('.', '/') + '00').match(/(.{1,6})/g)[0],
      frequency: splitedNote[0],
      duration: splitedNote[1]
    });
  });
  return ret;
}